1547131046353776 2.478813 -0.013214 -0.012238
1547131046606586 4.8138686460577365 0.06397961171928752 -0.02459921321216528
1547131046858560 6.960708740479214 0.11943142993409647 -0.036811895387539983
1547131047108396 9.074907446415946 0.05184630401673601 -0.047339053092097905
1547131047356527 11.169535509744524 -0.02933812298338352 -0.05415320641866022
1547131047604949 13.071846260718175 -0.12070423981621993 -0.05963365720863751
1547131047852128 14.94687114703401 -0.21167266994300937 -0.06488662109216593
1547131048099652 16.798858090401897 -0.3017844380586494 -0.07038356357364532
1547131048348015 18.457491913158442 -0.4016240285185555 -0.07162944051842493
1547131048596300 20.077474979437962 -0.5080399985975816 -0.06461578936569773
1547131048845472 21.51637958242355 -0.6208431056805918 -0.057521219135032026
1547131049096467 22.926229088244913 -0.7107943222362443 -0.05209046361057708
1547131049347224 24.299742978154363 -0.7946911666169125 -0.046222486217170414
1547131049597289 25.64406639669751 -0.8738946216168862 -0.03517454340414302
1547131049848692 26.811077074518067 -0.9409657679331835 -0.025603130701276646
1547131050101138 27.94831691694518 -1.0079238859836694 -0.01583998630589785
1547131050353296 29.060040625124717 -0.9373119607885223 -0.006880833441462189
1547131050605600 29.967353274722623 -0.8638711069061609 0.0019885192699838766
1547131050856549 30.85146396099938 -0.7930521411425903 0.00732809925633369
1547131051108813 31.688689449017907 -0.7245367743642495 0.011891527154232008
1547131051361802 32.36934314348943 -0.6451311229588815 0.016463512799282036
1547131051611654 33.01703860614175 -0.5847122151018783 0.022187250441400665
1547131051860657 33.661969317946145 -0.5111233455377777 0.027503925606109036
1547131052110220 34.285964041120906 -0.44015804266994213 0.031572267597834325
1547131052358304 34.893588490788574 -0.3730420921299372 0.03460389943410524
1547131052606390 35.470710960530646 -0.3075597204768249 0.039327760998844476
1547131052854808 35.87814463404081 -0.23789673403679562 0.04220870142239922
1547131053102453 36.25416738413431 -0.17672155685395013 0.04509519111711979
1547131053350348 36.5937000572596 -0.12093916883190925 0.04772854554907213
1547131053599279 36.74641160147873 -0.069709099250027 0.04902742272672047
1547131053847921 36.85722488683501 -0.013066685476537804 0.050953328877091045
1547131054096655 36.941002331067 0.031671746097711145 0.0515888592409214
1547131054346009 37.029245973012515 0.0786747367225563 0.053209535385011414
1547131054594625 37.12659092564287 0.12240106443073737 0.05432294088088826
1547131054845109 37.2358472091017 0.1727543984126712 0.055504400082987376
1547131055096745 37.354799299541675 0.22311331904619303 0.05787382604370264
1547131055346542 37.48919233565234 0.2751087828970029 0.06002725577325109
1547131055597324 37.650905678099285 0.33024460770819675 0.06375641885087961
1547131055847809 37.84118378295396 0.39147864013026 0.06822349909764759
1547131056098030 38.19575863248708 0.4567422749577309 0.07378338437350515
1547131056349770 38.595810783913635 0.5330418210771564 0.08142518137946479
1547131056602652 39.020367391481734 0.6095071208865481 0.08878011009102257
1547131056853865 39.626016508579426 0.689662524506107 0.09842170321563122
1547131057105415 40.274609882768154 0.7872123324140357 0.10761161082678648
1547131057357136 41.1120816518066 0.8982663671504206 0.11822560263698487
1547131057607203 41.98969594886681 1.0135578316662406 0.12828820289234766
1547131057858132 42.905490890386524 1.1488863596855807 0.13697388445540779
1547131058109684 44.00051420215665 1.2918230359450722 0.14591449778566712
1547131058359629 45.12601378968427 1.4475664743802084 0.14982071707273817
1547131058610543 46.26350452986699 1.6239237424560853 0.14746650806349879
1547131058859906 47.41514483291047 1.7975237374056472 0.14487430046337652
1547131059109484 48.573927080920086 1.967031477594386 0.14183654812119065
1547131059358072 49.89972207745394 2.1488873041927667 0.14031713097469156
1547131059606999 51.24847157193916 2.320248953026563 0.1412398819111306
1547131059855876 52.62565960367266 2.5009795471814784 0.14026340687078612
1547131060107125 54.03750229634158 2.6801942097726723 0.13771638339829803
1547131060357485 55.46534758667034 2.8575529973604894 0.1333865465570414
1547131060607614 57.07741056649997 3.039310420328001 0.13070683192067653
1547131060857641 58.70813539160211 3.2256261058661893 0.13037496746235636
1547131061107826 60.36439160798647 3.4101219460459564 0.12918821924402288
1547131061359050 62.04330090921965 3.594612261117944 0.13099428002088034
1547131061611010 63.900514704116105 3.781790982490852 0.1329292759526998
1547131061863447 65.78369841639916 4.107618762511309 0.13446743039545653
1547131062114783 67.68289530988038 4.449561870053572 0.1319832479869334
1547131062366421 69.59550409048524 4.7851345503361555 0.12840905425022747
1547131062617855 71.51664815512224 5.12702505295353 0.12558118854844097
1547131062868332 73.6015223735792 5.472045761960868 0.12325887527772066
1547131063119203 75.7104180869908 5.82296562197289 0.12076904726110377
1547131063370310 77.82306041458874 6.157473485268631 0.12377845927567901
1547131063620001 79.94185032417226 6.499796927958685 0.1300109680626243
1547131063869349 82.0678975076665 6.841296723451716 0.13583290388014396
1547131064118951 84.19381149880194 7.190743554796921 0.1408981940508854
1547131064367535 86.30407640615513 7.537665824169069 0.14577977157283495
1547131064616458 88.42182162224205 7.896536940360202 0.14687503653701425
1547131064866591 90.55406992224462 8.252350083169299 0.14922036234991207
1547131065117113 92.68434338971377 8.626878934776053 0.14953116625728374
1547131065367013 94.80082176084257 8.98772412506298 0.15120140275737554
1547131065617731 96.9141679932234 9.34866178067499 0.15372098947331927
1547131065867929 99.01823223945954 9.72202629913021 0.15463735189499425
1547131066117513 101.11728187333429 10.098504547352846 0.1569022431957963
1547131066369431 103.04460649933795 10.464959783375914 0.15407703566761768
1547131066622242 104.95776762061111 10.814354243203201 0.15373434986488702
1547131066875124 106.86240610058455 11.170332636892654 0.15216144402609266
1547131067126193 108.7501309139235 11.515045080695934 0.15273556460111104
1547131067374926 110.61947975466823 11.866860067493224 0.15183808697836493
1547131067623432 112.47330900128733 12.219781661554292 0.15095291171257316
1547131067871514 114.15235114639547 12.557522998042499 0.14711006391320788
1547131068119276 115.82360882632908 12.893104975987793 0.14651854173901185
1547131068366480 117.45222249085637 13.080903876270835 0.1476898041783741
1547131068615786 119.04938755140218 13.254244204470933 0.14906394426578354
1547131068865069 120.46255216661592 13.430884166398076 0.149165732382655
1547131069114583 121.83730201527747 13.601684986856775 0.14867246877666068
1547131069363605 123.19063129994821 13.764297212205378 0.15100549125540585
1547131069612725 124.3530669520876 13.91356463008996 0.15276645066194589
1547131069861592 125.48110065050663 14.0731421687541 0.15493841704063108
1547131070113363 126.57903524143896 14.231506216544894 0.15618223717237165
1547131070364172 127.49244849503121 14.377029457791332 0.1574072611478318
1547131070614392 128.39210535392442 14.537753354271834 0.1591410806517751
1547131070864792 129.28665115679277 14.686373869737833 0.15832668086200452
1547131071117346 130.16960796673067 14.843554310322462 0.15929505310027978
1547131071370928 131.04327536402118 14.996999028188473 0.16185231665061536
1547131071622722 131.92776777541906 15.1493580630962 0.16568780934158062
1547131071871936 132.81012087273382 15.29845423540088 0.16688627882389304
1547131072120019 133.712965465074 15.449931811370817 0.16637183241949957
1547131072369413 134.63111911604284 15.619662988738686 0.16338764248005186
1547131072616829 135.55731309973024 15.78300350350388 0.1572857291107097
1547131072864195 136.64950225021704 15.947833346743085 0.15291944315067812
1547131073112784 137.7555791959934 16.118784792923798 0.14929723175407264
1547131073361321 138.87197208302442 16.29624725884974 0.144981968528564
1547131073610499 140.00852976111216 16.464615927697565 0.14036878346056056
1547131073859832 141.17263978795407 16.641077355287116 0.1358126346110787
1547131074108997 142.49757303009653 16.821142265158613 0.13117736756386
1547131074357792 143.84966241974223 16.984657858209253 0.1267308240897179
1547131074608618 145.22026735659372 17.15946142751158 0.12039932301037819
1547131074858533 146.62073587595606 17.335179663323064 0.11673730811734187
1547131075108238 148.03601217409022 17.503824496602114 0.11518491141953484
1547131075357746 149.63048764399326 17.667103284240845 0.11776513553256238
1547131075608721 151.24315793653778 17.843187403980842 0.11830194859474741
1547131075858718 152.87959352965854 18.015614099480207 0.12101015718877806
1547131076108061 154.5429849778519 18.190020679438557 0.12417173967085408
1547131076358552 156.22410910742576 18.376600978532046 0.1283015629405253
1547131076611588 157.91427256492346 18.715836147458504 0.12815053219805142
1547131076864897 159.77069669422477 19.040913964725295 0.12989082473156913
1547131077115770 161.63797789151135 19.390755472744686 0.1282992012724635
1547131077366979 163.5152506574462 19.731988826165164 0.12415582113354316
1547131077617111 165.39795114833726 20.078003202725217 0.1192346665163422
1547131077865264 167.28938508728788 20.405275061881607 0.11421835570874199
1547131078115107 169.19049093903448 20.733823704579173 0.11096503494266782
1547131078364361 171.10975197597193 21.06082608052604 0.10693294811308623
1547131078612843 173.02419026943946 21.245439325848444 0.10422305773984897
1547131078861710 175.10990570328596 21.42001554550724 0.10041873884304309
1547131079109353 177.0191217905831 21.605023138224627 0.09949760097074865
1547131079357264 179.1228882726803 21.782265901889396 0.09712588118754817
1547131079605377 181.06914807195153 21.95817472632589 0.09410985379917546
1547131079853531 183.18220122636006 22.140448674526144 0.09111879523291451
1547131080104619 185.30603716776758 22.322238795954515 0.08835769406939094
1547131080354800 187.42232591032646 22.496223122897085 0.08491610900694516
1547131080605427 189.55080559215182 22.666878607355482 0.08244477861720104
1547131080854773 191.69656847889246 22.834244224135436 0.07776379704808936
1547131081104927 193.842375912632 22.997042967608493 0.07264252148638324
1547131081354822 195.99839157585288 23.156510521785968 0.06787916819345682
1547131081606905 198.16845806241932 23.328423312507994 0.06192763120981931
1547131081859432 200.50401655371255 23.472497391388963 0.05517021172687679
1547131082110785 202.67964260499068 23.625919820823817 0.047845017935116974
1547131082361928 204.85225304651397 23.772607392068487 0.040600418347274854
1547131082612188 207.1742665058713 23.880885539750096 0.034237774640321794
1547131082863407 209.33826383644316 24.009347140689634 0.02713051826424194
1547131083114209 211.69001219956766 24.13237879615309 0.01755696905198986
1547131083364175 214.03504545488246 24.238316528604805 0.007689978882468394
1547131083614271 216.3766123806093 24.335463889093813 -0.002118039003400518
1547131083863650 218.7219747222204 24.42231882070141 -0.012168612054978252
1547131084112934 221.07887238017145 24.48245709123937 -0.01911428244834132
1547131084362825 223.42398709971584 24.540746255493342 -0.022788145454742812
1547131084611360 225.77094381152114 24.592414553539626 -0.027647586453054658
1547131084862116 228.12638114302464 24.52248183191229 -0.02905768523230292
1547131085112861 230.49799314988152 24.444245103419338 -0.02901126383760231
1547131085362384 232.87286536669296 24.354060235970937 -0.02774593599112856
1547131085612683 235.2381115561008 24.26957809345768 -0.025559206320449064
1547131085861796 237.60711275761233 24.1792235870176 -0.02422288098720447
1547131086113228 239.9956123828073 24.10192513840799 -0.02225535677671514
1547131086366014 242.40350985811372 24.02865455368712 -0.022593114022614515
1547131086618566 244.79516089801152 24.09835494580011 -0.01969851140490793
1547131086870128 247.2073131764397 24.02677123205602 -0.01337728536035811
1547131087120989 249.60519465450483 23.963653768842498 -0.008664226610371858
1547131087370482 251.99794239986443 24.033527865533337 -0.0036198691887630316
1547131087619613 254.39245460994442 24.108319901814276 0.0024778385166515354
1547131087868602 256.79628028137284 24.190648552750496 0.008633233655499686
1547131088117627 259.21517815884033 24.288417800753763 0.01664196489037889
1547131088365924 261.61795764078613 24.388751442475577 0.022181229171117332
1547131088614481 264.02803077516455 24.492287429208943 0.02695689972483892
1547131088862972 266.4253096110416 24.607954270976013 0.02974508093300705
1547131089110526 268.8349607716909 24.729427249037588 0.034534719466410076
1547131089358259 271.2302860167743 24.853046203675923 0.038399733888868894
1547131089605826 273.6375409522562 24.989162148300476 0.04371538286842631
1547131089854691 276.0480075491474 25.133984954118894 0.0498299536922597
1547131090105853 278.45299392839405 25.281468861140393 0.05609388783624083
1547131090359744 280.8456191024794 25.417369484701553 0.06087336515062872
1547131090612659 283.20007325037966 25.577955987675242 0.06447577900922097
1547131090866023 285.5619195013553 25.73615291388026 0.06646415699287737
1547131091118237 287.8927282008874 25.88853902714882 0.06761245971013968
1547131091368837 290.0602024015228 26.037400943000705 0.06929967509988803
1547131091619615 292.2165052591829 26.201601276695577 0.07113243298372686
1547131091871233 294.35648533727255 26.355305060958322 0.07467520488737452
1547131092120986 296.47480813438676 26.512516661963865 0.07833059754732043
1547131092371333 298.5899744068356 26.668439374955607 0.08105318540449231
1547131092621864 300.6748185169054 26.814780742472873 0.08290491741674426
1547131092870913 302.5946460518696 26.969684844670592 0.08354567581165025
1547131093120016 304.4871261652624 27.117249483346516 0.08176741286534159
1547131093369913 306.3505381643595 27.262798604676753 0.07996207320944976
1547131093618792 308.1957708864528 27.412528968765816 0.08118280959886333
1547131093867389 309.84894555696945 27.55069298127712 0.08207230142716952
1547131094115921 311.46070413048625 27.688696150940817 0.07929693806572116
1547131094364274 313.05453556977017 27.816574948827714 0.07528571164399711
1547131094612215 314.4558717237285 27.950779812371806 0.06307213841770364
1547131094860257 315.8207032283033 28.080412192908668 0.04088403148888487
1547131095106990 317.1495557685601 28.19240910654003 0.010950950035324761
1547131095355514 318.2958553081755 28.296805155044982 -0.027802900452397587
1547131095608316 319.4082208286862 28.377047700577698 -0.07547915262674847
1547131095860137 320.49193926723075 28.314281871421038 -0.1377032790077006
1547131096111649 321.38735367512237 28.240510011003366 -0.2083663862115429
1547131096365440 322.2377328650933 28.148452102404654 -0.28352205943103065
1547131096619227 322.9181976211758 28.051353984611588 -0.35442036565382623
1547131096871885 323.556544636688 27.917512704570214 -0.4187395515609067
1547131097123304 324.1563576379562 27.76024239583338 -0.47273438544580165
1547131097371955 324.583242215638 27.617845912449198 -0.5191623651404329
1547131097618777 324.95864728623764 27.47269991768579 -0.5576757580853202
1547131097865631 325.2864783062838 27.33263166906083 -0.5888663866659306
1547131098112417 325.47302434830635 27.20164165275333 -0.6138038477789304
1547131098360557 325.64390541591405 27.08974550544772 -0.6342700256238163
1547131098610263 325.79851235238084 26.974805092742628 -0.6528350875572053
1547131098860745 325.9372481722648 26.862483571119142 -0.6701170939360009
1547131099110576 326.06024689630453 26.766668495647426 -0.6842872143204554
1547131099359385 326.1620041441719 26.67303151688464 -0.6963749078224842
1547131099608191 326.2541111704821 26.58604721805613 -0.7060276724553008
1547131099857154 326.33646709111997 26.505299939907093 -0.7136337103632798
1547131100105929 326.40409225957507 26.428170451816758 -0.7191816693289045
1547131100357350 326.46489475808534 26.358394876092426 -0.7238624192791194
1547131100608192 326.5217343216887 26.411213363767022 -0.7265050562769506
1547131100858474 326.57805591055165 26.465880224811826 -0.7293999727165994
1547131101108766 326.640026099727 26.398192595166996 -0.7339429300486526
1547131101360653 326.7212107227308 26.322976160395175 -0.7404996892241934
1547131101613813 326.81324911941147 26.234345349185666 -0.7501430366615508
1547131101865611 326.90918246138864 26.14619097326244 -0.760880526526591
1547131102117787 327.00867561606657 26.049922606544452 -0.7711859284218814
1547131102369760 327.10145267900486 25.960045726673826 -0.781429144421792
1547131102619099 327.1932036443877 25.873933198552713 -0.7907006546328132
1547131102867356 327.2788615084463 25.791971155853062 -0.799413607140298
1547131103116075 327.35204599157635 25.71758244702032 -0.8059878531283315
1547131103363964 327.4189552385242 25.767174942941764 -0.810175064079917
1547131103611488 327.48540624481575 25.700367294813283 -0.8149073345642439
1547131103859270 327.56658806333564 25.62435104267817 -0.8214440762950358
1547131104107921 327.6436706127109 25.54271697710431 -0.8290915330957527
1547131104358065 327.72669047307244 25.466173758416417 -0.8368037848525689
1547131104609231 327.8161900323745 25.384560861855668 -0.8452094240599611
1547131104859283 327.9135765916465 25.29252274360436 -0.8563104960669037
1547131105109287 328.01752203569964 25.19802575140434 -0.8692831349697501
1547131105362381 328.13091396398875 25.09817686759091 -0.8843320789155519
1547131105614663 328.2613154915303 24.983884504067568 -0.9018555717205192
1547131105866783 328.4130216795914 24.862099702265326 -0.9245190489856103
1547131106118569 328.5793377245013 24.721416640388018 -0.9570242473277337
1547131106368667 328.88446150644177 24.57383813965152 -1.003294712466049
1547131106617948 329.21580394232933 24.40167988060931 -1.0656506119571065
1547131106869257 329.55545740467915 24.06079727449247 -1.1429104436968094
1547131107120530 329.9058562811865 23.67910214117707 -1.232423258827427
1547131107371173 330.2595691445493 23.255593239205858 -1.3333273616279007
1547131107622612 330.60587148800096 22.66143347468591 -1.4483707448111123
1547131107873001 330.7783363591853 22.014986701320563 -1.5748284275634647
1547131108124154 330.93138973566266 21.333218298738313 -1.7088491091393176
1547131108374754 331.0384881534311 20.442868685121503 -1.8481082355974254
1547131108624357 330.9438913369788 19.529657860000476 -1.9840888191248467
1547131108874485 330.78735469662445 18.451032334019942 -2.1119006322378344
1547131109123023 330.40418038848077 17.359241585398653 -2.240916480005393
1547131109371691 329.8214572491071 16.2570369332248 -2.3624240086618746
1547131109618823 328.9989352977589 15.159075513146515 -2.4641343187591906
1547131109866630 328.08885297989036 14.244008321506518 -2.5400573790083247
1547131110116726 326.9789795358638 13.345962070047722 -2.592049096913586
1547131110366338 325.81233161516775 12.480139211024477 -2.622684391308067
1547131110615440 324.46913148009634 11.627275378996535 -2.646962422838325
1547131110864562 323.0953679523942 10.766869507746263 -2.6626382614287056
1547131111112930 321.6823458421719 9.923637770940513 -2.671301561950064
1547131111362166 320.1122405886758 9.069204450149932 -2.6762609878465136
1547131111612838 318.51401062716485 8.199732388569668 -2.6781082422796674
1547131111863708 316.88290298374557 7.321663277261438 -2.6777551010183562
1547131112114110 315.2231673038797 6.435635613010038 -2.6812827419566374
1547131112363488 313.39136113975354 5.543590873259813 -2.6828938543131446
1547131112613638 311.5431475918184 4.625154918757169 -2.6857735224485224
1547131112863833 309.6866538165088 3.566828430676731 -2.6866958943215447
1547131113112831 307.807815197216 2.640307614565848 -2.689009915880328
1547131113362210 305.9291685764397 1.7134767630658045 -2.693815516999497
1547131113611320 304.05230223100216 0.7932656509311367 -2.696816671826231
1547131113859505 302.1935520134825 -0.1127022776734814 -2.6992129036895327
1547131114107286 300.3338243088926 -1.0101173692809988 -2.7016283663547696
1547131114355488 298.4925942900208 -1.8883101029291667 -2.703162234402035
1547131114603101 296.65999592177116 -2.770357709781629 -2.7041682661878905
1547131114852499 294.8225260247535 -3.6344952896638887 -2.7057905534150417
1547131115104461 292.9943556912967 -4.4989453319471595 -2.70702652902881
1547131115353431 291.34317551255094 -5.34043186587022 -2.7086558636939824
1547131115603823 289.70605435392326 -6.186964664435217 -2.7101452640535606
1547131115854100 288.0722055708606 -7.013347814779716 -2.7090005092428524
1547131116106040 286.44646966790725 -7.840212512682693 -2.710656405701765
1547131116359023 284.835420936213 -8.662833553532906 -2.711966714446651
1547131116611170 283.23648957418345 -9.344922369410005 -2.7131807696176127
1547131116861945 281.629550922265 -10.163787018582866 -2.71428059702205
1547131117112202 280.040437150188 -10.836669748900814 -2.7157405983670033
1547131117359485 278.4643014194013 -11.503995244821038 -2.7159363271497634
1547131117607773 277.05180283297295 -12.161912134919485 -2.7148958770745666
1547131117855767 275.6604400023665 -12.815427127477339 -2.7137038969902565
1547131118104286 274.27886606327377 -13.462838799881425 -2.710959273469792
1547131118351679 272.91672174323804 -14.096404449894562 -2.709143488049288
1547131118600070 271.56616995221725 -14.725273774326741 -2.708424803988457
1547131118850378 270.23419201182276 -15.354716380917898 -2.709289687911753
1547131119099338 268.91172219438556 -15.975110617498775 -2.711989231012616
1547131119348026 267.74651383007455 -16.57904928615891 -2.7127159786899555
1547131119598112 266.59941031234655 -17.18018273324147 -2.712988481280019
1547131119849171 265.45801651631047 -17.763641163509075 -2.7162770485787133
1547131120099018 264.34537075277194 -18.34490103550103 -2.7189183867557594
1547131120350132 263.25530885845177 -18.789783460042102 -2.7230611229745576
1547131120599923 262.1887020081039 -19.211041600235745 -2.7269024490497507
1547131120852097 261.2826953373421 -19.622731404997857 -2.7282984289801315
1547131121105912 260.39191405299 -20.02566431404678 -2.730409078217956
1547131121357975 259.5265648916272 -20.416652260325524 -2.7333967678665676
1547131121610394 258.69030836505596 -20.799422202406625 -2.736527953757431
1547131121859976 257.87566076817615 -21.157690805444492 -2.7405588720559693
1547131122108300 257.2098554376381 -21.49478437595262 -2.743697915232382
1547131122356604 256.56737308111434 -21.818218356592823 -2.7454787589875216
1547131122604934 255.95933765412096 -22.134162345685834 -2.7481712656008983
1547131122852986 255.37217088092132 -22.325069687951576 -2.75010547920234
1547131123100147 254.94303385766258 -22.5053078183236 -2.752108403641092
1547131123349432 254.55013920449977 -22.655245383872668 -2.753801666804497
1547131123598716 254.21358851560856 -22.789186295763084 -2.755794986942044
1547131123847828 254.02016533907747 -22.901218292519527 -2.7568453636702577
1547131124096654 253.84628047784764 -23.004796061303693 -2.7575181131402564
1547131124346553 253.682218294995 -23.104206840397545 -2.7580116045465943
1547131124598438 253.53641927275123 -23.19217327149448 -2.758872365764115
1547131124849662 253.4061197542994 -23.276201634936516 -2.75968374337373
1547131125100020 253.28138687684415 -23.353641841398588 -2.760188288951005
1547131125350748 253.16761174198714 -23.429793294710894 -2.7608820659549282
1547131125604281 253.06429206948258 -23.495705629604288 -2.7619362039957878
1547131125857277 252.97635157252057 -23.556499491921738 -2.76332193702923
1547131126109244 252.90474013521174 -23.60877833382675 -2.7636528129402977
1547131126359852 252.94752124834213 -23.573369354589335 -2.763692605693446
1547131126607738 252.98813271519816 -23.53896888642524 -2.7632593517485384
1547131126854269 253.02934669855188 -23.508313649041852 -2.7626941521516413
1547131127101678 253.0679818458126 -23.477402041318435 -2.7625464251905587
1547131127348602 253.10614912096602 -23.444808114416343 -2.76234108886014
1547131127597029 253.14256634483746 -23.414501755825285 -2.761974484714749
1547131127846386 253.18034103590443 -23.383599542294323 -2.7618916979525405
1547131128096812 253.2186276588076 -23.35019493232579 -2.7615567513911237
1547131128347948 253.25579683662272 -23.319003218196567 -2.761256099491242
1547131128598847 253.294262733013 -23.288676493595087 -2.7611133426040433
1547131128848473 253.33498585261063 -23.25654471518765 -2.7607694036026795
1547131129099867 253.36935463305184 -23.225719779296867 -2.7607961860675467
1547131129353159 253.40766203231408 -23.19220607578627 -2.7602984652258953
1547131129604643 253.44354388576576 -23.161548294433167 -2.7600971386683497
1547131129857094 253.48169223680995 -23.131016932290127 -2.7599486869574794
1547131130108876 253.5158306662426 -23.101176858289584 -2.7593128853082005
1547131130360478 253.55540977159856 -23.06990752214387 -2.7592003028736842
1547131130611938 253.59407514973375 -23.03707825336044 -2.7585531533699914
1547131130863280 253.63186790868474 -23.006289900951195 -2.758326340135229
1547131131112548 253.6693069418293 -22.97431858262043 -2.7582920826376056
1547131131360878 253.7080058404039 -22.944982036907277 -2.758287844516912
1547131131609622 253.74314155719787 -22.911839592933998 -2.757996328023613
1547131131857946 253.78172182608478 -22.877979807432208 -2.7577880778393355
1547131132106136 253.81757685730017 -22.846901865059106 -2.757615059858164
1547131132354560 253.8564103678343 -22.81437042760385 -2.7572144490840493
1547131132601861 253.89542413521528 -22.781503102002358 -2.757125303668033
1547131132850050 253.93455031314892 -22.750013567558778 -2.757018089907105
1547131133099263 253.97151250179823 -22.717947313885034 -2.756815415718759
1547131133348209 254.0140792914822 -22.684794107552744 -2.7566293346343556
1547131133597659 254.0556857833241 -22.649284722151613 -2.7568239256261617
1547131133847662 253.98010364021115 -22.705166973965547 -2.7569832547121145
1547131134098783 253.88659411669025 -22.77339528697737 -2.757134264180076
1547131134348853 253.76618894302294 -22.850545821918846 -2.7566707825011534
1547131134600008 253.61353931661492 -22.949774294234523 -2.756633888021435
1547131134849876 253.42146621044142 -23.05459357676561 -2.7555638530461297
1547131135100167 253.0810604054199 -23.19369175067642 -2.7546914855142495
1547131135350899 252.70112496766495 -23.340396443587537 -2.752921730979712
1547131135602752 252.28256076322052 -23.504854468513614 -2.749757347072414
1547131135855062 251.69737549221776 -23.70624572036996 -2.7475210173257922
1547131136107527 251.06713553771135 -24.017985694134648 -2.7442842838770978
1547131136358719 250.39957621905893 -24.35328867426763 -2.7411393888364026
1547131136608371 249.5647716522475 -24.71761142427595 -2.7404420855332283
1547131136856957 248.70121679031294 -25.106799860528938 -2.742421057274463
1547131137104888 247.78531875932157 -25.51283616092542 -2.7426377852986366
1547131137352972 246.71466794604416 -25.94138232479521 -2.743689422413503
1547131137600373 245.59840597114942 -26.391857479513313 -2.744889570768721
1547131137848062 244.45257746774874 -26.96532983138747 -2.746980784601341
1547131138096203 243.1405746092831 -27.559109880351844 -2.751617741015261
1547131138346091 241.78854753194898 -28.169206793942166 -2.7534477443833008
1547131138596805 240.4048136744113 -28.78354301036719 -2.7552436823796698
1547131138848481 238.99188247614507 -29.41407921858982 -2.7620503224213846
1547131139100378 237.40564864390316 -30.07098216696346 -2.772007593678746
1547131139351997 235.7892884649773 -30.732875553509317 -2.7790187192176177
1547131139603370 234.14384865353324 -31.374091828881717 -2.785442407937529
1547131139854878 232.4740302932497 -32.0309456408031 -2.7930996994804875
1547131140106329 230.6512803691404 -32.70170310692923 -2.807599188166991
1547131140358624 228.79750588399787 -33.36321996552854 -2.8223142439991316
1547131140609722 226.92773046815424 -34.03065399669615 -2.83263735714232
1547131140862515 224.9968585163531 -34.691329253418495 -2.841079899276789
1547131141116710 222.91827435291222 -35.33769224207284 -2.8445719665043994
1547131141368463 220.84234313432958 -35.98090862992834 -2.842967326516334
1547131141617210 218.7487423639174 -36.61782632512349 -2.8431417896137647
1547131141865539 216.64446444576035 -37.26398735931633 -2.844114325913143
1547131142113828 214.52779856445417 -37.92828733404414 -2.84520745110791
1547131142361455 212.39999539656012 -38.59043385435703 -2.8457968813169896
1547131142609901 210.24073175471713 -39.26667729815407 -2.8411893795615906
1547131142858291 208.06364999668128 -39.932266152114664 -2.83744195910903
1547131143106234 205.74595936280068 -40.60793056354476 -2.8326003388316554
1547131143354552 203.4137132587611 -41.28717294438914 -2.8263359390204146
1547131143603741 201.07712088081158 -42.0990308667067 -2.8168659946445014
1547131143852222 198.72482871441494 -42.92413636731428 -2.8132479239986825
1547131144102514 196.36661542859358 -43.76837040032682 -2.8054142221462786
1547131144352885 193.9952826850792 -44.61475652755953 -2.796539990781897
1547131144602171 191.62446874793142 -45.47975728693119 -2.7849836347268453
1547131144852143 189.25697771763234 -46.36269131434938 -2.774388858989055
1547131145102130 186.8833409648758 -47.26018572054214 -2.7632947261203675
1547131145353352 184.50740542383025 -48.17331113905013 -2.7541236069030326
1547131145605807 182.13012629672815 -49.10065640030271 -2.7472793129814694
1547131145857564 179.73296952145134 -50.18701413556455 -2.7459769119867175
1547131146109113 177.3268601678723 -51.29123389164356 -2.747207079691544
1547131146360202 174.91893298133238 -52.389522866112664 -2.747622228078356
1547131146610165 172.5113818461363 -53.47907413360638 -2.7501014465261076
1547131146861329 169.9369143658374 -54.583770898156246 -2.7519577618170583
1547131147112711 167.35755232783026 -55.6774058388692 -2.7546066431297227
1547131147362727 164.7846294410813 -56.77730614214039 -2.757086531240837
1547131147611705 162.20790687253475 -57.879661347598116 -2.755089195452299
1547131147861807 159.60628380811923 -58.975960599221224 -2.7528337975013843
1547131148110698 157.026743340637 -60.08256859010502 -2.749424811924829
1547131148360010 154.41777472834332 -61.18614249061002 -2.7446648634589197
1547131148610607 151.80770482787392 -62.3236811285396 -2.7377204035696385
1547131148861675 149.20686920930206 -63.44777769868268 -2.731757529344693
1547131149110610 146.59162926616534 -64.5809630054144 -2.7274099182960163
1547131149361550 143.9595105269962 -65.88568945183621 -2.722715729041167
1547131149614163 141.3464643136028 -67.18949958728558 -2.7192707231489224
1547131149866674 138.70509636686498 -68.50614688970936 -2.716726503364087
1547131150118933 136.08220766607974 -69.83303788916764 -2.714475196440012
1547131150369989 133.45447705577226 -71.0025681880938 -2.7136153702951096
1547131150619353 130.82920950308878 -72.17119873646496 -2.7130322748164004
1547131150867202 128.19318009509973 -73.50052574404003 -2.7108646743801827
1547131151114943 125.57513512596417 -74.68637282439877 -2.70826415177724
1547131151362166 122.94471047765913 -76.02342193836223 -2.709221170979389
1547131151609583 120.30932812619969 -77.344998600794 -2.706816769782041
1547131151858377 117.66394822903212 -78.68360488952156 -2.7065444273482044
1547131152108467 115.0089272904281 -80.02881093472493 -2.707913485714704
1547131152359499 112.37143908210655 -81.36224012918395 -2.710082330465581
1547131152610392 109.72050257400551 -82.7035388821012 -2.7110795045228713
1547131152861979 107.06364958421695 -84.04240474210071 -2.711930400050081
1547131153114718 104.41594601959737 -85.3789451872387 -2.7130794016621405
1547131153365894 101.77110739784308 -86.71214065362395 -2.7152548569590427
1547131153617590 99.13460895569375 -87.89546353348061 -2.7143349715855893
1547131153869104 96.49213253461797 -89.22318045018314 -2.714392383652902
1547131154122231 93.87356840997447 -90.55261728985909 -2.7147917545259497
1547131154376218 93.48553653296861 -90.68976189131452 -2.7309999652680763
1547131154627610 90.8790980123298 -91.82180119680619 -2.7297840544088583
1547131154877426 88.28770572114927 -92.94332477262287 -2.7282003978665212
1547131155125333 85.88022140740159 -94.07789249260948 -2.726322129204333
1547131155373553 83.47936784345168 -95.36666819209887 -2.7260771174801026
1547131155621622 81.0796874980287 -96.49917096879047 -2.7215509754375318
1547131155868607 78.70243480845048 -97.62614194597667 -2.720421089140811
1547131156116596 76.31346119873868 -98.91399796852585 -2.7182829319124977
1547131156365213 73.94059275476964 -100.03641818153567 -2.718500125758592
1547131156614661 71.56737809518945 -101.14802379292462 -2.719447425730547
1547131156866563 69.19853656013171 -102.26378214247408 -2.7172304140895553
1547131157117143 66.83619224880219 -103.36342628433117 -2.717215580826254
1547131157368232 64.47385149322407 -104.47545332191689 -2.715265346002394
1547131157618521 62.12370393718115 -105.76208457527788 -2.716357636581427
1547131157870829 59.757509253715945 -107.03774600346466 -2.7136904846544754
1547131158122450 57.39624616874562 -108.32336866373608 -2.714857338201039
1547131158374044 55.05193224951158 -109.61911143468429 -2.717812381273049
1547131158624629 52.87225903411113 -110.72897086647558 -2.722712207982441
1547131158878248 50.540288492891364 -111.83694351582537 -2.730001363471576
1547131159132014 48.37324080218391 -112.91466585392776 -2.73617244643334
1547131159383303 46.23660788071048 -113.98187886752541 -2.7412266875042857
1547131159633287 44.0829223081994 -115.05498759843697 -2.7467259835506996
1547131159880960 41.948001735562976 -116.11959486929112 -2.748639817744713
1547131160126525 39.814658831790084 -117.18212308930838 -2.749805737668216
1547131160373542 37.707988872016394 -118.06822913712276 -2.752853631521009
1547131160620377 35.60286909479127 -118.95856838489604 -2.7549406052482595
1547131160867204 33.66891910926644 -119.82113879804912 -2.755930663236294
1547131161115708 31.57577645097927 -120.68655006128344 -2.7542952225348505
1547131161365346 29.644749801130427 -121.5471904224179 -2.750239464324353
1547131161615252 27.727633431118385 -122.40396666414233 -2.7473897131591327
1547131161865306 25.828422013688566 -123.26226228549113 -2.7468228130958185
1547131162116158 23.939009513296316 -124.11396238102539 -2.749760982862395
1547131162368532 22.224960334092078 -124.96080586406573 -2.7537794657128782
1547131162620473 20.357845990426878 -125.80884058582687 -2.7574810888593047
1547131162872917 18.50529096235655 -126.63499430812591 -2.7603803454464626
1547131163123891 16.837062173502385 -127.46165188685043 -2.7615953485308427
1547131163375680 15.004701132585486 -128.14411549193994 -2.765331201493798
1547131163627633 13.342382475194125 -128.8073715557027 -2.769888674639244
1547131163877791 11.692658212489768 -129.4651957023093 -2.7724988252641585
1547131164128318 10.070965550705116 -130.11234081341158 -2.772636023337134
1547131164377793 8.464085843703613 -130.75556930828827 -2.7710597357363276
1547131164627090 6.874345888340774 -131.39847784601162 -2.7715393578512506
1547131164877162 5.463335486713328 -132.01857200792307 -2.7748479980722474
1547131165126539 4.091343607647879 -132.61429597422975 -2.7792449755461726
1547131165375606 2.741346524314216 -133.19504688234335 -2.7841084193049404
1547131165624313 1.4074585891597493 -133.77296201837922 -2.788617856029822
1547131165873209 0.25675493724941 -134.1947812050156 -2.7919722671349847
1547131166121079 -0.8719795046615981 -134.59722657255085 -2.7955323780545287
1547131166369360 -1.9682006210182832 -134.9898625924681 -2.7987221518031755
1547131166616225 -3.043204588777293 -135.361051745706 -2.801687824208533
1547131166863671 -3.9445355148751964 -135.72825614941044 -2.8055634722177687
1547131167113041 -4.824434998176786 -136.0761905161424 -2.8109005243536664
1547131167365048 -5.677847259698439 -136.4177284137525 -2.8147800844989863
1547131167618410 -6.505578426646554 -136.74271176185297 -2.818917650840523
1547131167870099 -7.146894396516509 -136.9232988623549 -2.82215975791669
1547131168122035 -7.764767242516373 -137.09509719184734 -2.8253058483284876
1547131168373726 -8.349355392980545 -137.25931460776278 -2.827825155850579
1547131168625681 -8.764808488957541 -137.403185611698 -2.8296867004785087
1547131168875071 -9.15233523867409 -137.53337906538258 -2.829313530029571
1547131169124629 -9.502086167079295 -137.65073545577383 -2.8298014352606438
1547131169373990 -9.685277482395108 -137.75012003121043 -2.8320690104760287
1547131169622051 -9.846050173309466 -137.8354645928013 -2.8334030449288115
1547131169870348 -9.988273912471588 -137.92078886576985 -2.834435495602647
1547131170118466 -10.126287986278099 -138.00089829399633 -2.8356433819528157
1547131170365941 -10.244233053729019 -138.07435743488372 -2.8366904740830416
1547131170613907 -10.351053857359819 -138.1463851785745 -2.837916974509162
1547131170863274 -10.450946288651387 -138.21087291829664 -2.838476859739869
1547131171113088 -10.545461092276698 -138.2749495489176 -2.839220504494646
1547131171362752 -10.634394275935843 -138.3347874708461 -2.8396966936238632
1547131171611706 -10.715160961442919 -138.39481140702094 -2.8406637765559877
